105589670111679 蔡吉涵 367 403.97 770.97
105589670111875 曾玉莹 382 397.75 779.75
105589670111845 陈家兴 394 392.10 786.10
105589670111960 陈俊霖 339 407.57 746.57
105589670111981 陈小莹 379 383.99 762.99
105589670111742 陈梓烨 392 388.85 780.85
105589670111848 戴斯铭 377 404.11 781.11
105589670111745 丁诚 399 402.95 801.95
105589670111967 范述治 356 401.77 757.77
105589670111672 冯禹豪 362 389.72 751.72
105589670111821 高子雄 335 437.46 772.46
105589670111938 谷溢 355 412.51 767.51
105589670111746 何智通 359 403.01 762.01
105589670111699 侯红潇 388 398.79 786.79
105589670111689 胡仰文 357 416.41 773.41
105589670111682 胡泽华 359 389.45 748.45
105589670111607 黄观杰 376 376.36 752.36
105589670111934 黄伟浩 368 397.24 765.24
105589670111878 黄伟林 378 397.47 775.47
105589670111569 江子豪 361 431.79 792.79
105589670111953 解晶璇 384 410.47 794.47
105589670111571 蓝嘉璐 388 423.79 811.79
105589670111932 黎恩磊 374 381.68 755.68
105589670111504 黎情情 360 409.95 769.95
105589670111615 李佳 410 421.42 831.42
105589670111886 李家振 371 381.55 752.55
105589670111887 李洁铃 369 417.85 786.85
105589670111642 李仁杰 362 424.44 786.44
105589670111859 李世璇 355 413.89 768.89
105589670111703 李文盛 355 390.96 745.96
105589670111702 李振昌 363 413.29 776.29
105589670111663 利建鑫 389 392.58 781.58
105589670111576 梁达安 370 388.82 758.82
105589670111492 廖申 359 412.97 771.97
105589670111694 林楚庭 371 422.12 793.12
105589670111494 林金城 371 386.75 757.75
105589670111634 林俊杰 358 402.12 760.12
105589670111543 林康颖 381 388.93 769.93
105589670111466 林翔鹏 378 425.93 803.93
105589670111617 刘思健 359 403.78 762.78
105589670111964 刘洋旗 388 376.87 764.87
105589670111729 马发潮 365 389.40 754.40
05589670111895 马健荣 385 401.52 786.52
105589670111491 马英洵 367 399.69 766.69
105589670111869 欧宏宇 356 405.43 761.43
105589670111489 彭溧阳 368 383.44 751.44
105589670111664 宋嘉伦 378 379.11 757.11
105589670111636 宋明洋 375 382.00 757.00
105589670111924 苏胤宁 378 397.49 775.49
105589670111721 唐玄昭 379 446.47 825.47
105589670111789 田浩 393 370.31 763.31
105589670111921 韦舒心 365 391.22 756.22
105589670111796 魏兆基 371 430.16 801.16
105589670111900 吴锐红 379 402.83 781.83
105589670111797 吴尚达 366 387.83 753.83
105589670111659 吴天祎 366 405.91 771.91
105589670111822 吴宇杰 362 407.13 769.13
105589670111879 吴志慧 360 422.88 782.88
105589670111715 吴梓汇 361 398.85 759.85
105589670111957 夏显茁 343 434.17 777.17
105589670111429 项敬铭 363 391.04 754.04
105589670111731 肖想 358 389.70 747.70
105589670111928 谢俊豪 355 391.31 746.31
105589670111661 谢朋宇 402 400.49 802.49
105589670111956 谢宇光 377 416.40 793.40
105589670111950 薛更盛 401 403.79 804.79
105589670111665 杨立坤 352 399.60 751.60
105589670111773 杨文聪 401 405.74 806.74
105589670111610 杨志华 377 398.53 775.53
105589670111868 余鹏 345 419.88 764.88
105589670111410 余奕蒙 388 405.91 793.91
105589670111853 袁子豪 368 377.35 745.35
105589670111418 岳峥宇 383 371.00 754.00
105589670111947 张可姗 367 386.04 753.04
105589670111658 张乐 380 418.21 798.21
105589670111786 张漫榕 347 414.63 761.63
105589670111918 张锐 380 376.15 756.15
105589670111673 张书博 366 391.52 757.52
105589670111671 张益强 382 377.45 759.45
105589670111406 郑乐琪 413 426.70 839.70
105589670111662 钟展辉 407 408.61 815.61
105589670111800 祝一帆 375 404.40 779.40
recommend_num:42
