1 : 郑乐琪   105589670111406 68  86  132 127 413 426.70 839.70
2 : 李佳     105589670111615 74  79  139 118 410 421.42 831.42
3 : 钟展辉   105589670111662 76  90  127 114 407 408.61 815.61
4 : 谢朋宇   105589670111661 69  85  131 117 402 400.49 802.49
5 : 薛更盛   105589670111950 71  83  128 119 401 403.79 804.79
6 : 杨文聪   105589670111773 69  88  127 117 401 405.74 806.74
7 : 丁诚     105589670111745 72  90  124 113 399 402.95 801.95
8 : 陈家兴   105589670111845 71  88  122 113 394 392.10 786.10
9 : 田浩     105589670111789 72  75  124 122 393 370.31 763.31
10: 陈梓烨   105589670111742 67  85  120 120 392 388.85 780.85
11: 利建鑫   105589670111663 70  78  125 116 389 392.58 781.58
12: 余奕蒙   105589670111410 70  84  116 118 388 405.91 793.91
13: 蓝嘉璐   105589670111571 75  79  124 110 388 423.79 811.79
14: 侯红潇   105589670111699 71  81  124 112 388 398.79 786.79
15: 刘洋旗   105589670111964 69  87  127 105 388 376.87 764.87
16: 马健荣   105589670111895 74  83  118 110 385 401.52 786.52
17: 解晶璇   105589670111953 75  90  110 109 384 410.47 794.47
18: 岳峥宇   105589670111418 71  86  131 95  383 371.00 754.00
19: 张益强   105589670111671 65  81  131 105 382 377.45 759.45
20: 曾玉莹   105589670111875 77  82  117 106 382 397.75 779.75
21: 林康颖   105589670111543 69  90  121 101 381 388.93 769.93
22: 张锐     105589670111918 71  78  120 111 380 376.15 756.15
23: 张乐     105589670111658 65  84  114 117 380 418.21 798.21
24: 吴锐红   105589670111900 72  87  118 102 379 402.83 781.83
25: 唐玄昭   105589670111721 69  87  119 104 379 446.47 825.47
26: 陈小莹   105589670111981 71  86  123 99  379 383.99 762.99
27: 林翔鹏   105589670111466 78  72  115 113 378 425.93 803.93
28: 黄伟林   105589670111878 70  86  119 103 378 397.47 775.47
29: 宋嘉伦   105589670111664 69  76  121 112 378 379.11 757.11
30: 苏胤宁   105589670111924 70  81  123 104 378 397.49 775.49
31: 谢宇光   105589670111956 77  83  110 107 377 416.40 793.40
32: 杨志华   105589670111610 73  83  114 107 377 398.53 775.53
33: 戴斯铭   105589670111848 73  81  119 104 377 404.11 781.11
34: 黄观杰   105589670111607 71  79  115 111 376 376.36 752.36
35: 宋明洋   105589670111636 68  73  143 91  375 382.00 757.00
36: 祝一帆   105589670111800 73  83  111 108 375 404.40 779.40
37: 黎恩磊   105589670111932 69  81  111 113 374 381.68 755.68
38: 林金城   105589670111494 76  75  120 100 371 386.75 757.75
39: 魏兆基   105589670111796 69  83  117 102 371 430.16 801.16
40: 李家振   105589670111886 73  74  107 117 371 381.55 752.55
41: 林楚庭   105589670111694 71  81  120 99  371 422.12 793.12
42: 梁达安   105589670111576 75  80  116 99  370 388.82 758.82
43: 李洁铃   105589670111887 68  67  137 97  369 417.85 786.85
44: 彭溧阳   105589670111489 65  89  116 98  368 383.44 751.44
45: 袁子豪   105589670111853 80  84  108 96  368 377.35 745.35
46: 黄伟浩   105589670111934 69  76  123 100 368 397.24 765.24
47: 马英洵   105589670111491 69  84  117 97  367 399.69 766.69
48: 蔡吉涵   105589670111679 62  78  121 106 367 403.97 770.97
49: 张可姗   105589670111947 67  84  117 99  367 386.04 753.04
50: 张书博   105589670111673 72  75  104 115 366 391.52 757.52
51: 吴天t   105589670111659 66  85  124 91  366 405.91 771.91
52: 吴尚达   105589670111797 71  84  111 100 366 387.83 753.83
53: 马发潮   105589670111729 70  78  126 91  365 389.40 754.40
54: 韦舒心   105589670111921 74  82  104 105 365 391.22 756.22
55: 项敬铭   105589670111429 71  80  105 107 363 391.04 754.04
56: 李振昌   105589670111702 78  81  107 97  363 413.29 776.29
57: 李仁杰   105589670111642 74  72  110 106 362 424.44 786.44
58: 吴宇杰   105589670111822 69  72  114 107 362 407.13 769.13
59: 冯禹豪   105589670111672 68  85  104 105 362 389.72 751.72
60: 江子豪   105589670111569 70  81  100 110 361 431.79 792.79
61: 吴梓汇   105589670111715 69  76  110 106 361 398.85 759.85
62: 黎情情   105589670111504 64  82  119 95  360 409.95 769.95
63: 吴志慧   105589670111879 72  86  108 94  360 422.88 782.88
64: 廖申     105589670111492 73  77  101 108 359 412.97 771.97
65: 何智通   105589670111746 69  83  102 105 359 403.01 762.01
66: 胡泽华   105589670111682 64  77  116 102 359 389.45 748.45
67: 刘思健   105589670111617 73  77  109 100 359 403.78 762.78
68: 林俊杰   105589670111634 64  85  107 102 358 402.12 760.12
69: 肖想     105589670111731 60  75  118 105 358 389.70 747.70
70: 胡仰文   105589670111689 69  81  100 107 357 416.41 773.41
71: 欧宏宇   105589670111869 74  81  97  104 356 405.43 761.43
72: 范述治   105589670111967 61  87  103 105 356 401.77 757.77
73: 谷溢     105589670111938 71  77  103 104 355 412.51 767.51
74: 李世璇   105589670111859 74  85  90  106 355 413.89 768.89
75: 谢俊豪   105589670111928 68  90  95  102 355 391.31 746.31
76: 李文盛   105589670111703 70  72  117 96  355 390.96 745.96
77: 杨立坤   105589670111665 64  78  101 109 352 399.60 751.60
78: 张漫榕   105589670111786 71  84  92  100 347 414.63 761.63
79: 余鹏     105589670111868 68  80  100 97  345 419.88 764.88
80: 夏显茁   105589670111957 72  79  89  103 343 434.17 777.17
81: 陈俊霖   105589670111960 62  71  103 103 339 407.57 746.57
82: 高子雄   105589670111821 69  73  99  94  335 437.46 772.46
