1 郑乐琪 105589670111406 68 86 132 127 413
2 李佳 105589670111615 74 79 139 118 410
3 钟展辉 105589670111662 76 90 127 114 407
4 谢朋宇 105589670111661 69 85 131 117 402
5 薛更盛 105589670111950 71 83 128 119 401
6 杨文聪 105589670111773 69 88 127 117 401
7 丁诚 105589670111745 72 90 124 113 399
8 陈家兴 105589670111845 71 88 122 113 394
9 田浩 105589670111789 72 75 124 122 393
10 陈梓烨 105589670111742 67 85 120 120 392
11 利建鑫 105589670111663 70 78 125 116 389
12 余奕蒙 105589670111410 70 84 116 118 388
13 蓝嘉璐 105589670111571 75 79 124 110 388
14 侯红潇 105589670111699 71 81 124 112 388
15 刘洋旗 105589670111964 69 87 127 105 388
16 马健荣 105589670111895 74 83 118 110 385
17 解晶璇 105589670111953 75 90 110 109 384
18 岳峥宇 105589670111418 71 86 131 95 383
19 甘子邦 105589670111993 75 83 128 97 383
20 张益强 105589670111671 65 81 131 105 382
21 曾玉莹 105589670111875 77 82 117 106 382
22 林康颖 105589670111543 69 90 121 101 381
23 张锐 105589670111918 71 78 120 111 380
24 张乐 105589670111658 65 84 114 117 380
25 吴锐红 105589670111900 72 87 118 102 379
26 唐玄昭 105589670111721 69 87 119 104 379
27 陈小莹 105589670111981 71 86 123 99 379
28 林翔鹏 105589670111466 78 72 115 113 378
29 黄伟林 105589670111878 70 86 119 103 378
30 宋嘉伦 105589670111664 69 76 121 112 378
31 苏胤宁 105589670111924 70 81 123 104 378
32 林悦帆 105589670111629 73 79 116 110 378
33 谢宇光 105589670111956 77 83 110 107 377
34 杨志华 105589670111610 73 83 114 107 377
35 戴斯铭 105589670111848 73 81 119 104 377
36 刘贺滨 105589670111627 68 79 126 104 377
37 伊少波 105589670111690 70 73 119 114 376
38 黄观杰 105589670111607 71 79 115 111 376
39 刘伟 105589670111517 66 81 117 111 375
40 宋明洋 105589670111636 68 73 143 91 375
41 祝一帆 105589670111800 73 83 111 108 375
42 石潇杭 105589670111652 71 78 117 108 374
43 黎恩磊 105589670111932 69 81 111 113 374
44 卢健彬 105589670111595 67 77 117 113 374
45 苏越之 105589670111500 64 83 117 109 373
46 周智天 105589670111707 77 76 127 92 372
47 林金城 105589670111494 76 75 120 100 371
48 魏兆基 105589670111796 69 83 117 102 371
49 李家振 105589670111886 73 74 107 117 371
50 林楚庭 105589670111694 71 81 120 99 371
51 梁达安 105589670111576 75 80 116 99 370
52 李洁铃 105589670111887 68 67 137 97 369
53 王永福 105589670111884 73 72 110 114 369
54 彭溧阳 105589670111489 65 89 116 98 368
55 袁子豪 105589670111853 80 84 108 96 368
56 黄伟浩 105589670111934 69 76 123 100 368
57 李金膛 105589670111640 74 77 121 96 368
58 马英洵 105589670111491 69 84 117 97 367
59 李强 105589670111944 76 78 112 101 367
60 姚勇斌 105589670111714 68 71 122 106 367
61 蔡吉涵 105589670111679 62 78 121 106 367
62 张可姗 105589670111947 67 84 117 99 367
63 张书博 105589670111673 72 75 104 115 366
64 吴天祎 105589670111659 66 85 124 91 366
65 吴尚达 105589670111797 71 84 111 100 366
66 陈枞 105589670111462 66 79 122 98 365
67 马发潮 105589670111729 70 78 126 91 365
68 韦舒心 105589670111921 74 82 104 105 365
69 张浩然 105589670111910 72 79 118 96 365
70 张子寅 105589670111809 71 76 115 102 364
71 黄淑桦 105589670111701 73 85 103 103 364
72 陈嘉健 105589670111817 71 78 121 94 364
73 项敬铭 105589670111429 71 80 105 107 363
74 王信超 105589670111448 62 78 129 94 363
75 赵家毅 105589670111631 66 86 114 97 363
76 李振昌 105589670111702 78 81 107 97 363
77 陈国铮 105589670111871 68 88 101 105 362
78 李仁杰 105589670111642 74 72 110 106 362
79 李杰明 105589670111872 68 77 116 101 362
80 吴宇杰 105589670111822 69 72 114 107 362
81 黄祥康 105589670111768 66 74 119 103 362
82 冯禹豪 105589670111672 68 85 104 105 362
83 江子豪 105589670111569 70 81 100 110 361
84 吴梓汇 105589670111715 69 76 110 106 361
85 郭伟健 105589670111839 71 83 116 91 361
86 黎情情 105589670111504 64 82 119 95 360
87 陶文宇 105589670111903 75 71 110 104 360
88 吴志慧 105589670111879 72 86 108 94 360
89 廖申 105589670111492 73 77 101 108 359
90 刘鑫杰 105589670111501 68 73 125 93 359
91 何智通 105589670111746 69 83 102 105 359
92 陈梓豪 105589670111622 59 85 114 101 359
93 胡泽华 105589670111682 64 77 116 102 359
94 刘思健 105589670111617 73 77 109 100 359
95 董丝纶 105589670111387 61 80 125 92 358
96 黄威 105589670111507 74 80 107 97 358
97 林俊杰 105589670111634 64 85 107 102 358
98 肖想 105589670111731 60 75 118 105 358
99 胡仰文 105589670111689 69 81 100 107 357
100 陈润宇 105589670111946 72 75 101 109 357
101 刘彤 105589670111402 65 75 118 98 356
102 陈静如 105589670111425 80 82 95 99 356
103 许子涛 105589670111769 59 68 125 104 356
104 茅吉多 105589670111758 64 79 110 103 356
105 欧宏宇 105589670111869 74 81 97 104 356
106 范述治 105589670111967 61 87 103 105 356
107 刘戈 105589670111818 74 72 105 105 356
108 陈凯 105589670111478 64 82 105 104 355
109 谷溢 105589670111938 71 77 103 104 355
110 李世璇 105589670111859 74 85 90 106 355
111 谢俊豪 105589670111928 68 90 95 102 355
112 李文盛 105589670111703 70 72 117 96 355
113 赖广权 105589670111894 68 71 113 103 355
114 李智宇 105589670111375 73 67 115 99 354
115 丁宏明 105589670111421 66 70 110 108 354
116 古逸丰 105589670111743 64 81 119 90 354
117 张儒钊 105589670111581 71 78 96 107 352
118 杨立坤 105589670111665 64 78 101 109 352
119 章晟昊 105589670111892 71 66 118 97 352
120 郑廷廷 105589670111816 73 72 103 104 352
121 林郁鹏 105589670111994 65 65 111 111 352
122 周贤筑 105589670111999 70 80 106 96 352
123 史翊 105589670112010 72 73 113 94 352
124 张梓良 105589670111439 65 71 113 102 351
125 黄洁莹 105589670111968 66 83 112 90 351
126 陈三甲 105589670111765 74 78 109 90 351
127 林浩 105589670112041 67 78 114 92 351
128 吴锐忠 105589670111502 72 76 109 93 350
129 胡承佐 105589670111635 70 85 100 95 350
130 黄卓雄 105589670111626 69 72 109 100 350
131 许承义雄 105589670112000 71 67 120 92 350
132 曾鹏跃 105589670111547 63 71 109 105 348
133 谢裕强 105589670111761 78 82 95 93 348
134 蔡泽杰 105589670111842 73 70 106 99 348
135 陈凯 105589670111493 71 72 109 95 347
136 谭卓波 105589670111632 73 88 95 91 347
137 杨剑峰 105589670111609 66 80 108 93 347
138 张漫榕 105589670111786 71 84 92 100 347
139 左雁茹 105589670111737 64 78 103 102 347
140 张浩轩 105589670111420 66 62 108 110 346
141 林彬彬 105589670111734 71 70 111 94 346
142 王辛瑀 105589670111368 72 64 116 93 345
143 余鹏 105589670111868 68 80 100 97 345
144 刘安宜 105589670111364 62 79 105 97 343
145 岳斌 105589670111456 64 79 102 98 343
146 方佳谋 105589670111889 74 70 104 95 343
147 夏显茁 105589670111957 72 79 89 103 343
148 杨婕 105589670111907 72 82 90 99 343
149 陈润轩 105589670111771 70 73 105 94 342
150 刘孟莹 105589670111835 72 77 95 98 342
151 刘俊君 105589670111803 60 80 103 99 342
152 许佳灿 105589670111674 69 68 114 91 342
153 温石宽 105589670111526 64 72 108 97 341
154 张泽棉 105589670111688 74 69 103 95 341
155 陈运达 105589670111601 71 82 98 90 341
156 姜孟伟 105589670111417 66 60 112 102 340
157 杨茂林 105589670111969 62 76 96 106 340
158 符英健 105589670111753 62 76 105 97 340
159 麦子贺 105589670112059 63 77 107 93 340
160 陈畅 105589670111380 64 75 103 97 339
161 尤桂芳 105589670111427 68 86 92 93 339
162 黄海涛 105589670111497 69 85 95 90 339
163 陈俊霖 105589670111960 62 71 103 103 339
164 吴懋 105589670111675 72 69 104 94 339
165 范耀中 105589670111611 67 88 86 98 339
166 何世林 105589670111651 66 71 109 92 338
167 黎超元 105589670111593 64 80 97 97 338
168 许吴鑫 105589670111785 62 77 107 91 337
169 黄成锦 105589670111744 68 75 82 112 337
170 梁公勋 105589670111930 62 81 99 95 337
171 尹谣 105589670111514 68 71 100 96 335
172 钟荣柳 105589670111929 69 80 86 100 335
173 高子雄 105589670111821 69 73 99 94 335
174 张桂源 105589670111966 73 61 107 94 335
