1  : 甘子邦 105589670111993 75  83  128 97  383
2  : 林悦帆 105589670111629 73  79  116 110 378
3  : 刘贺滨 105589670111627 68  79  126 104 377
4  : 伊少波 105589670111690 70  73  119 114 376
5  : 刘伟   105589670111517 66  81  117 111 375
6  : 石潇杭 105589670111652 71  78  117 108 374
7  : 卢健彬 105589670111595 67  77  117 113 374
8  : 苏越之 105589670111500 64  83  117 109 373
9  : 周智天 105589670111707 77  76  127 92  372
10 : 王永福 105589670111884 73  72  110 114 369
11 : 李金膛 105589670111640 74  77  121 96  368
12 : 李强   105589670111944 76  78  112 101 367
13 : 姚勇斌 105589670111714 68  71  122 106 367
14 : 陈枞   105589670111462 66  79  122 98  365
15 : 张浩然 105589670111910 72  79  118 96  365
16 : 张子寅 105589670111809 71  76  115 102 364
17 : 黄淑桦 105589670111701 73  85  103 103 364
18 : 陈嘉健 105589670111817 71  78  121 94  364
19 : 王信超 105589670111448 62  78  129 94  363
20 : 赵家毅 105589670111631 66  86  114 97  363
21 : 陈国铮 105589670111871 68  88  101 105 362
22 : 李杰明 105589670111872 68  77  116 101 362
23 : 黄祥康 105589670111768 66  74  119 103 362
24 : 郭伟健 105589670111839 71  83  116 91  361
25 : 陶文宇 105589670111903 75  71  110 104 360
26 : 刘鑫杰 105589670111501 68  73  125 93  359
27 : 陈梓豪 105589670111622 59  85  114 101 359
28 : 董丝纶 105589670111387 61  80  125 92  358
29 : 黄威   105589670111507 74  80  107 97  358
30 : 陈润宇 105589670111946 72  75  101 109 357
31 : 刘彤   105589670111402 65  75  118 98  356
32 : 陈静如 105589670111425 80  82  95  99  356
33 : 许子涛 105589670111769 59  68  125 104 356
34 : 茅吉多 105589670111758 64  79  110 103 356
35 : 刘戈   105589670111818 74  72  105 105 356
36 : 陈凯   105589670111478 64  82  105 104 355
37 : 赖广权 105589670111894 68  71  113 103 355
38 : 李智宇 105589670111375 73  67  115 99  354
39 : 丁宏明 105589670111421 66  70  110 108 354
40 : 古逸丰 105589670111743 64  81  119 90  354
41 : 张儒钊 105589670111581 71  78  96  107 352
42 : 章晟昊 105589670111892 71  66  118 97  352
43 : 郑廷廷 105589670111816 73  72  103 104 352
44 : 林郁鹏 105589670111994 65  65  111 111 352
45 : 周贤筑 105589670111999 70  80  106 96  352
46 : 史翊   105589670112010 72  73  113 94  352
47 : 张梓良 105589670111439 65  71  113 102 351
48 : 黄洁莹 105589670111968 66  83  112 90  351
49 : 陈三甲 105589670111765 74  78  109 90  351
50 : 林浩   105589670112041 67  78  114 92  351
51 : 吴锐忠 105589670111502 72  76  109 93  350
52 : 胡承佐 105589670111635 70  85  100 95  350
53 : 黄卓雄 105589670111626 69  72  109 100 350
54 : 许承义雄 105589670112000 71  67  120 92  350
55 : 曾鹏跃 105589670111547 63  71  109 105 348
56 : 谢裕强 105589670111761 78  82  95  93  348
57 : 蔡泽杰 105589670111842 73  70  106 99  348
58 : 陈凯   105589670111493 71  72  109 95  347
59 : 谭卓波 105589670111632 73  88  95  91  347
60 : 杨剑峰 105589670111609 66  80  108 93  347
61 : 左雁茹 105589670111737 64  78  103 102 347
62 : 张浩轩 105589670111420 66  62  108 110 346
63 : 林彬彬 105589670111734 71  70  111 94  346
64 : 王辛瑀 105589670111368 72  64  116 93  345
65 : 刘安宜 105589670111364 62  79  105 97  343
66 : 岳斌   105589670111456 64  79  102 98  343
67 : 方佳谋 105589670111889 74  70  104 95  343
68 : 杨婕   105589670111907 72  82  90  99  343
69 : 陈润轩 105589670111771 70  73  105 94  342
70 : 刘孟莹 105589670111835 72  77  95  98  342
71 : 刘俊君 105589670111803 60  80  103 99  342
72 : 许佳灿 105589670111674 69  68  114 91  342
73 : 温石宽 105589670111526 64  72  108 97  341
74 : 张泽棉 105589670111688 74  69  103 95  341
75 : 陈运达 105589670111601 71  82  98  90  341
76 : 姜孟伟 105589670111417 66  60  112 102 340
77 : 杨茂林 105589670111969 62  76  96  106 340
78 : 符英健 105589670111753 62  76  105 97  340
79 : 麦子贺 105589670112059 63  77  107 93  340
80 : 陈畅   105589670111380 64  75  103 97  339
81 : 尤桂芳 105589670111427 68  86  92  93  339
82 : 黄海涛 105589670111497 69  85  95  90  339
83 : 吴懋   105589670111675 72  69  104 94  339
84 : 范耀中 105589670111611 67  88  86  98  339
85 : 何世林 105589670111651 66  71  109 92  338
86 : 黎超元 105589670111593 64  80  97  97  338
87 : 许吴鑫 105589670111785 62  77  107 91  337
88 : 黄成锦 105589670111744 68  75  82  112 337
89 : 梁公勋 105589670111930 62  81  99  95  337
90 : 尹谣   105589670111514 68  71  100 96  335
91 : 钟荣柳 105589670111929 69  80  86  100 335
92 : 张桂源 105589670111966 73  61  107 94  335
